A = [1 0.0075; -0.143 0.996];
B = [4.798; 0.115];
Q = [1 0; 0 10];
P = Q;
R = 1;
T = 8;
